Cop 3014 - Project 2 Run Results

Selling price        =   14500.00
Down Payment         =    1000.00
Amount of Loan       =   13500.00
Annual Interest Rate =       0.09
Monthly Payment      =     450.00
---------------------------------------------------------------
Pay #  Old Balance   Payment  Interest  To Balance  New Balance
---------------------------------------------------------------
   1      13500.00    450.00    101.25      348.75     13151.25
   2      13151.25    450.00     98.63      351.37     12799.88
   3      12799.88    450.00     96.00      354.00     12445.88
   4      12445.88    450.00     93.34      356.66     12089.22
   5      12089.22    450.00     90.67      359.33     11729.89
   6      11729.89    450.00     87.97      362.03     11367.86
   7      11367.86    450.00     85.26      364.74     11003.12
   8      11003.12    450.00     82.52      367.48     10635.64
   9      10635.64    450.00     79.77      370.23     10265.41
  10      10265.41    450.00     76.99      373.01      9892.40
  11       9892.40    450.00     74.19      375.81      9516.59
  12       9516.59    450.00     71.37      378.63      9137.96
  13       9137.96    450.00     68.53      381.47      8756.49
  14       8756.49    450.00     65.67      384.33      8372.16
  15       8372.16    450.00     62.79      387.21      7984.95
  16       7984.95    450.00     59.89      390.11      7594.84
  17       7594.84    450.00     56.96      393.04      7201.80
  18       7201.80    450.00     54.01      395.99      6805.81
  19       6805.81    450.00     51.04      398.96      6406.85
  20       6406.85    450.00     48.05      401.95      6004.90
  21       6004.90    450.00     45.04      404.96      5599.94
  22       5599.94    450.00     42.00      408.00      5191.94
  23       5191.94    450.00     38.94      411.06      4780.88
  24       4780.88    450.00     35.86      414.14      4366.74
  25       4366.74    450.00     32.75      417.25      3949.49
  26       3949.49    450.00     29.62      420.38      3529.11
  27       3529.11    450.00     26.47      423.53      3105.58
  28       3105.58    450.00     23.29      426.71      2678.87
  29       2678.87    450.00     20.09      429.91      2248.96
  30       2248.96    450.00     16.87      433.13      1815.83
  31       1815.83    450.00     13.62      436.38      1379.45
  32       1379.45    450.00     10.35      439.65       939.80
  33        939.80    450.00      7.05      442.95       496.85
  34        496.85    450.00      3.73      446.27        50.58
  35         50.58     50.96      0.38       50.58         0.00
---------------------------------------------------------------
Total payments   =     15350.96
Total interest   =      1850.96
Total to balance =     13500.00
---------------------------------------------------------------